7 0 1 -14 13 -6 13 -14 13 -14 
6 0 1 -14 13 -6 13 -14 13 0 
6 0 1 -14 13 -6 13 -14 -13 0 
6 0 1 -14 13 -6 13 -14 -13 0 
6 0 1 -14 13 -6 13 -14 -13 0 
6 0 1 -6 13 -14 -13 -14 -14 0 
7 0 1 -13 -14 -14 13 -6 13 -14 
7 0 1 -13 -14 -14 13 -6 13 -14 
6 0 1 13 -6 13 -14 -13 -14 0 
6 0 1 -14 14 13 -6 13 -14 0 
5 0 1 13 13 -14 -5 -5 -17 -17 
6 0 1 13 -6 13 -14 -13 -14 0 
6 0 1 -13 -14 13 13 -14 17 17 
5 0 1 -14 13 13 -14 -13 0 0 
6 0 1 -13 -14 13 -13 -13 13 0 
7 0 1 -16 -13 -14 13 13 -14 17 
7 0 1 -13 -14 13 -13 13 14 -7 
5 0 1 13 13 -14 -5 -5 -17 -17 
6 0 1 -14 -14 13 -6 -6 -4 0 
6 0 1 -13 -14 13 13 -14 17 17 
6 0 1 -13 -14 13 13 -14 -7 17 
7 0 1 14 -14 13 -6 13 -14 -13 
7 0 1 14 -14 13 -6 13 -14 -13 
7 0 1 14 -14 13 -6 13 -14 -13 
7 0 1 14 -14 13 -6 13 -14 -13 
7 0 1 14 -14 13 -6 13 -14 -13 
7 0 1 14 -14 13 -6 13 -14 -13 
7 0 1 14 -14 13 -6 13 -14 -13 
7 0 1 -7 -13 -14 13 13 14 17 
7 0 1 14 -13 13 13 -13 -14 -17 
7 0 1 14 -14 13 -6 13 -14 -13 
7 0 1 -14 13 -6 13 -14 -13 14 
7 0 1 14 -14 13 -6 13 -14 -13 
7 0 1 14 -14 13 -6 13 -14 -13 
7 0 1 14 -14 13 -6 13 -14 -13 
7 0 1 -14 13 -6 13 -14 -13 14 
7 0 1 -14 13 -6 13 -14 -13 -14 
7 0 1 -14 13 -6 13 -14 -13 14 
7 0 1 -14 13 -6 13 -14 -13 -14 
7 0 1 13 -6 13 -14 -13 -14 -14 
7 0 1 -14 13 -6 13 -14 -13 -14 
7 0 1 -14 -13 -14 -14 13 13 -14 
7 0 1 -14 -14 13 -6 13 -14 13 
7 0 1 -14 -14 13 -6 13 -14 13 
7 0 1 13 -13 -14 13 13 -14 17 
7 0 1 -14 -14 13 -6 13 -14 13 
7 0 1 14 -14 13 -6 13 -14 -13 
7 0 1 -14 -14 13 -6 13 -14 13 
6 0 1 14 13 -6 13 -14 -13 0 
7 0 1 13 -14 -14 13 -6 13 -14 
7 0 1 -13 -13 -14 13 13 14 17 
7 0 1 13 -13 -14 13 13 -14 17 
6 0 1 -14 13 -6 13 -14 -13 0 
7 0 1 13 -13 -14 13 13 -14 17 
6 0 1 -14 13 -6 13 -14 -13 0 
7 0 1 13 -14 -14 13 -6 13 -14 
7 0 1 -14 -13 13 13 -14 5 -17 
7 0 1 13 -14 -14 13 -6 13 -14 
7 0 1 13 -14 -14 13 -6 13 -14 
7 0 1 13 -14 -14 13 -6 13 -14 
6 0 1 -13 -14 -14 13 13 -14 0 
7 0 1 13 -14 -14 13 -6 13 -14 
7 0 1 13 -14 -14 13 -6 13 -14 
6 0 1 -13 -14 -14 13 13 -14 0 
7 0 1 13 -13 13 -14 -5 5 -17 
7 0 1 -14 13 -6 13 -14 13 -14 
7 0 1 14 -14 13 -6 13 -14 -13 
7 0 1 14 -14 13 -6 13 -14 -13 
7 0 1 -14 13 -6 13 -14 -13 14 
7 0 1 14 -14 13 -6 13 -14 -13 
7 0 1 -7 -13 -14 13 13 14 17 
7 0 1 -13 14 -14 13 -6 13 -14 
7 0 1 -7 -13 -14 13 13 14 17 
7 0 1 -7 -13 -14 13 13 14 17 
4 0 1 -7 9 -14 13 0 0 0 
4 0 1 -7 -9 -14 13 0 0 0 
7 0 1 -14 13 -6 13 -14 -13 14 
6 0 1 13 -10 -14 -9 -6 18 0 
7 0 1 -14 13 -6 13 -14 -13 14 
7 0 1 9 11 -14 -13 -10 -13 17 
7 0 1 -14 13 -6 13 -14 -13 14 
7 0 1 -13 -14 13 -6 13 7 17 
6 0 1 -13 -14 13 13 -14 17 17 
6 0 1 -13 -14 13 13 -14 17 17 
5 0 1 -13 -14 13 13 -14 0 0 
5 0 1 -13 -14 -8 13 -14 0 0 
6 0 1 -13 -14 13 13 -14 17 17 
6 0 1 -13 -14 13 13 -14 17 17 
6 0 1 -13 -14 13 13 -14 17 17 
1 0 2 2 0 0 0 0 0 0 
6 0 1 -13 -14 13 13 -14 17 17 
6 0 1 -13 -14 13 13 -14 17 17 
6 0 1 -13 -14 13 13 -14 -17 17 
6 0 1 -13 -14 13 13 -14 17 17 
6 0 1 -13 -14 13 13 -14 17 17 
6 0 1 -13 -14 13 13 -14 17 17 
6 0 1 -13 -14 13 13 -14 17 17 
5 0 1 -13 13 13 -14 17 0 0 
5 0 1 6 13 13 -13 -14 0 0 
6 0 1 -13 -14 13 13 -14 17 17 
6 0 1 -13 -14 13 14 9 -14 0 
5 0 1 6 13 13 -13 -14 0 0 
6 0 1 -13 3 13 13 -14 17 0 
6 0 1 -13 -14 13 13 -14 17 17 
5 0 1 -13 13 -14 3 17 0 0 
6 0 1 -13 -13 13 13 -14 17 17 
6 0 1 13 -14 13 13 -14 17 17 
6 0 1 -13 -14 13 13 -14 17 17 
6 0 1 13 -13 13 13 -14 17 17 
5 0 1 -13 -14 17 13 17 0 0 
7 0 1 6 -13 13 13 -14 17 -2 
6 0 1 -13 -14 13 13 -14 17 17 
6 0 1 -13 -14 13 13 -14 -17 17 
6 0 1 -13 -14 13 13 -14 -17 17 
6 0 1 -13 -14 13 13 -14 17 17 
6 0 1 -13 -14 13 13 -14 17 17 
6 0 1 -13 -14 13 13 -14 17 17 
6 0 1 -13 -14 13 13 -14 17 17 
5 0 1 -13 -6 13 -13 13 17 0 
6 0 1 -14 14 13 -6 13 -14 0 
6 0 1 -14 14 13 -6 13 -14 0 
7 0 1 -3 -13 -14 13 13 -14 17 
6 0 1 -13 -14 13 13 -14 17 17 
7 0 1 -13 -14 13 13 -14 17 -15 
6 0 1 -13 -14 13 13 -14 17 17 
5 0 1 13 13 -14 -5 -5 -17 -17 
5 0 1 13 13 -14 -5 -5 -17 -17 
6 0 1 -13 -14 13 -13 -13 13 0 
5 0 1 13 13 -14 -5 -5 -17 -17 
6 0 1 -13 -14 13 -13 -13 13 0 
6 0 1 -3 -13 -14 13 13 -14 0 
5 0 1 13 13 -14 13 13 -17 -17 
6 0 1 -13 -14 13 13 -14 17 0 
5 0 1 13 13 -14 -5 -5 -17 -17 
5 0 1 13 13 -14 -5 -5 -17 -17 
6 0 1 -13 -14 13 -13 -13 13 0 
6 0 1 -13 -14 13 13 -14 17 17 
6 0 1 -13 -14 13 13 -14 17 17 
5 0 1 -6 13 -13 13 -14 -17 0 
6 0 1 -13 -14 13 -13 -13 13 0 
5 0 1 -6 13 -13 13 -14 -17 0 
5 0 1 -4 13 -14 13 -3 -17 -17 
6 0 1 -14 -14 13 -6 13 -14 0 
6 0 1 -14 -14 13 -6 13 -14 0 
6 0 1 -13 -2 -14 13 13 -14 0 
4 0 1 13 13 -14 -5 0 0 0 
4 0 1 -13 -14 13 13 0 0 0 
6 0 1 -13 -14 13 13 -14 17 17 
6 0 1 13 4 4 -6 13 13 0 
6 0 1 -13 -14 13 13 -14 17 17 
