6 0 2 13 -42 10 13 3 -47 0 
6 0 2 13 42 10 13 -28 -47 0 
6 0 2 -14 13 13 10 13 -28 0 
6 0 2 -14 13 13 10 13 -28 0 
6 0 2 13 13 -42 13 -28 47 0 
6 0 2 13 13 10 13 -28 -47 0 
6 0 2 13 -42 10 13 -28 47 0 
6 0 2 13 -42 10 13 -28 47 0 
6 0 2 13 -42 10 13 -28 47 0 
7 0 2 13 -13 10 13 3 -9 28 
6 0 2 26 13 -10 13 28 47 0 
6 0 2 -14 26 -13 10 13 -28 0 
6 0 2 13 -13 -42 13 3 -47 0 
6 0 2 -2 -14 13 13 10 13 0 
6 0 2 13 -42 10 13 -28 47 0 
5 0 2 10 13 -28 9 28 0 0 
6 0 2 13 -10 42 3 47 -28 0 
6 0 2 -2 -14 13 13 10 13 0 
5 0 2 10 13 -28 9 28 0 0 
6 0 2 -26 13 -10 13 28 47 0 
6 0 2 -26 13 -10 13 28 47 0 
7 0 2 -13 13 10 13 3 -9 28 
5 0 2 10 13 -28 9 28 0 0 
6 0 2 26 -13 10 13 28 9 0 
6 0 2 -13 10 13 3 -9 28 0 
6 0 2 13 10 13 -28 -9 28 0 
5 0 2 10 13 -28 9 28 0 0 
6 0 2 -13 10 13 3 -9 28 0 
5 0 2 42 10 13 -28 47 0 0 
6 0 2 -13 10 13 3 -9 28 0 
6 0 2 -13 10 13 3 -9 28 0 
6 0 2 13 10 13 -28 -9 28 0 
6 0 2 13 10 13 -28 -9 28 0 
7 0 2 -9 2 -14 -13 13 -10 13 
6 0 2 -13 10 13 3 -9 28 0 
6 0 2 13 42 -10 42 28 47 0 
6 0 2 13 10 13 -28 -9 28 0 
6 0 2 13 10 13 -28 -9 28 0 
6 0 2 13 10 -13 3 -9 28 0 
7 0 2 -26 -13 10 13 3 -9 28 
5 0 2 13 13 10 13 -28 0 0 
5 0 2 13 42 13 -28 47 0 0 
6 0 2 -13 10 13 3 -9 28 0 
7 0 2 13 -13 10 13 3 -9 28 
6 0 2 13 10 13 -28 -9 28 0 
5 0 2 -13 -42 -42 3 47 0 0 
6 0 2 13 10 13 -28 -9 28 0 
5 0 2 13 42 13 -28 47 0 0 
5 0 2 26 -13 10 13 28 0 0 
6 0 2 13 -13 -42 -42 28 47 0 
5 0 2 26 -13 10 13 28 0 0 
6 0 2 -13 10 13 3 9 28 0 
6 0 2 -14 26 -13 10 13 28 0 
5 0 2 42 10 13 28 47 0 0 
5 0 2 -13 -42 -42 28 47 0 0 
5 0 2 13 13 10 13 -28 0 0 
6 0 2 14 13 -42 10 -42 28 0 
6 0 2 -26 13 10 13 28 -9 0 
5 0 2 -26 13 10 13 28 0 0 
5 0 2 -13 -42 -42 28 47 0 0 
5 0 2 13 -13 -42 -42 28 0 0 
5 0 2 13 42 -10 42 28 0 0 
5 0 2 -26 -42 10 -42 28 0 0 
6 0 2 13 -13 10 13 3 -9 0 
5 0 2 13 13 10 13 -28 0 0 
6 0 2 -13 -13 -42 13 3 -47 0 
7 0 2 -13 -13 -42 13 3 -47 3 
5 0 2 13 -42 13 -28 47 0 0 
6 0 2 -26 -13 10 13 3 9 0 
5 0 2 -13 42 13 -28 -47 0 0 
5 0 2 -13 13 10 42 3 0 0 
5 0 2 42 10 13 -28 -47 0 0 
5 0 2 -13 -42 13 3 -47 0 0 
5 0 2 13 -10 13 28 47 0 0 
6 0 2 -26 -13 10 13 3 9 0 
3 0 3 13 28 -13 0 0 0 0 
5 0 2 10 13 3 -9 28 0 0 
6 0 2 -26 -13 10 13 3 9 0 
5 0 2 -13 42 13 -28 -47 0 0 
6 0 2 2 -14 -13 13 -10 13 0 
6 0 2 13 13 10 13 -28 -9 0 
4 0 2 13 -42 -42 28 0 0 0 
7 0 2 13 13 10 13 -28 -9 28 
5 0 2 -13 10 13 3 9 0 0 
4 0 2 13 -42 -42 28 0 0 0 
5 0 2 13 -42 10 -42 28 0 0 
4 0 2 -42 13 3 -47 0 0 0 
6 0 2 26 -13 10 13 -28 9 0 
4 0 2 -42 13 3 -47 0 0 0 
4 0 2 42 13 28 47 0 0 0 
5 0 2 13 42 13 -28 -47 0 0 
6 0 2 -26 13 10 -13 -28 -9 0 
4 0 2 -42 13 3 -47 0 0 0 
5 0 2 13 13 10 13 2781 0 0 
4 0 2 26 13 42 42 0 0 0 
5 0 2 -26 13 10 -13 28 0 0 
5 0 2 26 13 42 42 3 0 0 
6 0 2 -26 13 10 13 -28 -9 0 
4 0 2 13 42 42 3 0 0 0 
4 0 2 13 13 10 13 0 0 0 
4 0 2 13 42 42 13 0 0 0 
5 0 2 10 42 3 -47 28 0 0 
5 0 2 -26 13 10 13 -28 0 0 
4 0 2 -42 3 -47 3 0 0 0 
4 0 2 13 42 42 3 0 0 0 
4 0 2 -42 10 -42 3 0 0 0 
4 0 2 13 13 10 13 0 0 0 
4 0 2 13 42 42 3 0 0 0 
4 0 2 42 13 -28 47 0 0 0 
4 0 2 10 13 28 47 0 0 0 
4 0 2 13 13 10 13 0 0 0 
4 0 2 13 -13 13 -13 0 0 0 
4 0 2 13 10 42 3 0 0 0 
5 0 2 13 -13 10 13 3 0 0 
4 0 2 42 13 -28 47 0 0 0 
5 0 2 13 -10 13 -28 -9 0 0 
4 0 2 13 13 -10 -13 0 0 0 
5 0 2 2 -14 13 13 -10 0 0 
4 0 2 -42 -42 28 9 0 0 0 
4 0 2 -13 10 13 -28 0 0 0 
4 0 2 13 13 13 13 0 0 0 
6 0 2 -26 13 10 13 -28 -9 0 
3 0 2 13 -10 13 0 0 0 0 
5 0 2 13 13 13 13 -10 0 0 
3 0 2 13 -10 13 0 0 0 0 
5 0 2 -26 13 -10 13 28 0 0 
3 0 2 13 13 -13 0 0 0 0 
3 0 2 -13 13 13 0 0 0 0 
3 0 2 -13 13 13 0 0 0 0 
3 0 2 13 13 -13 0 0 0 0 
3 0 2 13 -10 13 0 0 0 0 
4 0 2 -42 -42 3 9 0 0 0 
3 0 2 10 -42 3 0 0 0 0 
4 0 2 -42 -42 3 9 0 0 0 
3 0 2 42 3 -47 0 0 0 0 
6 0 2 13 13 10 13 -28 -9 0 
3 0 2 13 13 -10 0 0 0 0 
3 0 2 -13 13 13 0 0 0 0 
4 0 2 -13 13 -13 13 0 0 0 
3 0 2 10 -42 3 0 0 0 0 
3 0 2 13 13 -10 0 0 0 0 
3 0 2 -14 13 13 0 0 0 0 
3 0 2 -42 13 3 0 0 0 0 
3 0 2 -13 13 -13 0 0 0 0 
4 0 2 10 -42 3 -9 0 0 0 
3 0 2 -26 42 42 0 0 0 0 
4 0 2 13 13 13 56 0 0 0 
5 0 4 -13 -13 3 -13 13 0 0 
5 0 4 -13 -13 3 -13 13 0 0 
5 0 4 -13 -13 3 -13 13 0 0 
5 0 2 10 13 -28 9 28 0 0 
5 0 2 10 13 -28 9 28 0 0 
5 0 2 10 13 -28 9 28 0 0 
5 0 2 10 13 -28 9 28 0 0 
5 0 2 10 13 -28 9 28 0 0 
5 0 4 -13 3 7 -42 -42 0 0 
5 0 4 -13 -13 3 -13 13 0 0 
5 0 4 -6 13 3 7 13 0 0 
5 0 3 47 -28 -42 -28 42 0 0 
6 0 4 13 3 7 42 -14 -42 0 
6 0 2 13 -13 -10 42 28 47 0 
6 0 2 -13 10 13 -28 9 28 0 
5 0 4 13 3 7 42 42 0 0 
7 0 2 13 -13 10 13 3 -9 28 
5 0 2 13 -10 42 28 47 0 0 
5 0 2 13 -10 42 28 47 0 0 
6 0 3 13 -28 42 13 -3 42 0 
5 0 4 13 3 7 42 42 0 0 
5 0 3 42 3 13 -14 42 0 0 
6 0 2 26 13 -42 13 3 -47 0 
5 0 4 13 3 7 42 -42 0 0 
6 0 2 13 -13 -10 42 28 47 0 
5 0 3 42 3 13 -14 42 0 0 
5 0 3 -7 13 -28 -42 42 0 0 
5 0 3 -9 -7 -13 3 13 0 0 
5 0 4 13 3 7 42 -42 0 0 
5 0 2 13 -42 42 28 47 0 0 
5 0 4 13 3 7 42 -42 0 0 
5 0 4 13 3 7 42 -42 0 0 
5 0 2 -14 13 13 10 13 0 0 
5 0 2 -14 13 13 10 13 0 0 
5 0 3 42 3 13 -14 42 0 0 
5 0 4 -9 -13 -13 3 13 0 0 
6 0 4 13 3 7 42 -14 -42 0 
5 0 4 13 3 7 42 -42 0 0 
6 0 4 -37 13 3 7 42 -42 0 
5 0 4 13 3 7 42 -42 0 0 
6 0 2 13 10 13 -28 9 -28 0 
5 0 2 10 13 -28 9 -28 0 0 
6 0 3 13 13 -28 13 -14 42 0 
7 0 3 37 13 -13 3 13 3 42 
5 0 4 13 3 -7 13 13 0 0 
7 0 4 -7 13 3 7 42 -14 -42 
6 0 4 13 3 7 42 -14 -42 0 
5 0 4 13 3 7 42 -42 0 0 
5 0 2 10 13 -28 9 -28 0 0 
5 0 1 13 13 -14 -15 -17 0 0 
6 0 2 13 -42 10 13 3 -47 0 
4 0 4 3 7 -42 -42 0 0 0 
6 0 2 13 10 13 3 -9 28 0 
5 0 2 10 13 3 -9 28 0 0 
5 0 3 -6 -7 -13 3 13 0 0 
5 0 2 42 10 13 3 -47 0 0 
6 0 2 -13 -13 10 13 3 9 0 
7 0 2 -13 -13 10 13 -28 9 28 
6 0 2 -13 10 13 -28 9 28 0 
6 0 3 3 13 -28 13 -14 42 0 
6 0 2 13 10 13 3 -9 28 0 
5 0 4 3 7 42 -14 -42 0 0 
5 0 2 26 13 -42 13 3 0 0 
5 0 2 -14 13 13 10 13 0 0 
4 0 4 3 7 -42 -42 0 0 0 
6 0 2 13 42 10 13 28 -47 0 
5 0 2 13 42 13 3 -47 0 0 
6 0 3 -28 13 28 13 -3 42 0 
4 0 4 7 42 -14 -42 0 0 0 
6 0 4 -7 13 3 7 42 -42 0 
4 0 2 42 10 42 3 0 0 0 
6 0 3 13 13 -28 13 -14 42 0 
7 0 2 -2 -14 13 13 10 13 -28 
6 0 2 13 -42 10 13 -28 47 0 
5 0 2 13 -42 -42 -28 47 0 0 
5 0 2 13 -42 13 3 -47 0 0 
5 0 2 13 -13 42 42 3 0 0 
4 0 2 13 10 13 3 0 0 0 
5 0 3 -7 -13 -3 13 13 0 0 
5 0 2 13 10 13 3 -9 0 0 
4 0 2 13 10 13 3 0 0 0 
4 0 2 26 42 10 42 0 0 0 
6 0 3 -7 13 -3 13 3 13 0 
5 0 2 10 13 3 -9 28 0 0 
5 0 2 13 42 13 3 -47 0 0 
4 0 2 26 42 10 42 0 0 0 
5 0 3 13 -28 13 28 42 0 0 
6 0 2 -26 13 -42 13 3 -47 0 
7 0 2 -13 -13 10 13 3 9 28 
4 0 2 13 10 42 3 0 0 0 
6 0 4 -7 13 3 7 42 -42 0 
7 0 3 -7 13 -13 -3 13 3 13 
5 0 2 13 -42 13 3 -47 0 0 
4 0 2 26 42 10 42 0 0 0 
5 0 2 -42 10 13 3 -47 0 0 
6 0 2 -13 -13 10 13 3 9 0 
5 0 2 -42 10 13 3 -47 0 0 
5 0 2 13 10 13 3 -9 0 0 
5 0 2 -42 13 28 47 3 0 0 
4 0 2 -42 13 3 -47 0 0 0 
4 0 2 -42 13 3 -47 0 0 0 
5 0 2 13 13 10 13 -28 0 0 
6 0 3 3 13 28 42 -3 42 0 
5 0 4 42 -54 42 -14 3 0 0 
4 0 2 -42 13 3 -47 0 0 0 
5 0 2 -42 10 13 3 -47 0 0 
4 0 2 10 13 3 -9 0 0 0 
5 0 2 13 13 10 13 -28 0 0 
5 0 4 42 -54 42 -14 3 0 0 
4 0 4 13 13 -54 -50 0 0 0 
4 0 2 10 -42 -28 9 0 0 0 
6 0 3 -28 13 3 13 -3 42 0 
5 0 2 13 10 42 3 -9 0 0 
5 0 3 -7 13 -3 13 12 0 0 
4 0 2 10 -13 -28 9 0 0 0 
5 0 4 42 -54 42 -54 3 0 0 
5 0 2 -13 -42 -42 28 47 0 0 
4 0 2 -42 13 3 -47 0 0 0 
6 0 3 -28 13 3 13 -3 42 0 
5 0 2 13 42 13 28 -47 0 0 
5 0 4 42 -54 42 -14 -7 0 0 
5 0 2 13 10 13 28 -47 0 0 
6 0 2 13 42 10 13 -28 -47 0 
6 0 3 13 13 -28 13 -14 42 0 
4 0 2 10 13 3 -9 0 0 0 
6 0 2 13 42 10 13 -28 -47 0 
4 0 2 13 10 13 3 0 0 0 
4 0 2 13 -10 -13 3 0 0 0 
5 0 3 -13 3 13 3 42 0 0 
6 0 2 13 42 10 13 -28 -47 0 
5 0 3 13 3 13 -14 13 0 0 
4 0 2 13 -10 13 3 0 0 0 
6 0 3 -13 42 3 13 3 42 0 
6 0 2 13 -13 10 13 3 -47 0 
4 0 2 -42 13 28 47 0 0 0 
4 0 3 -7 -13 3 13 0 0 0 
5 0 3 13 -28 13 -14 42 0 0 
4 0 3 50 -13 3 13 0 0 0 
5 0 3 -3 13 13 -14 13 0 0 
5 0 4 -47 3 13 13 -54 0 0 
5 0 3 -3 13 13 -14 13 0 0 
5 0 3 13 -3 13 -14 13 0 0 
4 0 3 -13 3 -13 3 0 0 0 
5 0 3 42 13 -3 -13 -14 0 0 
4 0 3 -13 3 13 3 0 0 0 
5 0 3 -7 13 13 3 13 0 0 
4 0 3 -37 -13 3 13 0 0 0 
4 0 3 13 -3 13 -14 0 0 0 
5 0 3 13 -3 13 14 13 0 0 
4 0 1 13 13 -14 -34 0 0 0 
4 0 1 -13 -14 -14 13 0 0 0 
4 0 1 -13 -14 -14 13 0 0 0 
4 0 1 -13 -14 -14 13 0 0 0 
4 0 1 -13 -14 -14 13 0 0 0 
4 0 1 13 13 -14 -34 0 0 0 
4 0 1 -13 -14 -14 13 0 0 0 
4 0 1 -13 -14 -14 13 0 0 0 
4 0 1 -13 -14 -14 13 0 0 0 
4 0 1 -13 -14 -14 13 0 0 0 
4 0 1 -13 -14 -14 13 0 0 0 
4 0 1 33 -6 13 -54 0 0 0 
4 0 1 -13 -14 -14 13 0 0 0 
4 0 1 -9 -2 13 13 0 0 0 
4 0 1 -9 -2 13 13 0 0 0 
4 0 1 -9 -2 13 13 0 0 0 
4 0 1 -13 -14 -14 13 0 0 0 
4 0 1 -9 -2 13 13 0 0 0 
4 0 1 13 -14 -14 13 0 0 0 
4 0 1 13 -14 -14 13 0 0 0 
4 0 1 -9 -2 13 13 0 0 0 
4 0 1 13 -14 -14 13 0 0 0 
4 0 1 -13 14 -14 13 0 0 0 
3 0 1 -14 -14 13 0 0 0 0 
3 0 1 -14 -14 13 0 0 0 0 
3 0 1 -14 -14 13 0 0 0 0 
3 0 1 -14 -14 13 0 0 0 0 
3 0 1 14 -14 13 0 0 0 0 
4 0 1 13 -14 -14 13 0 0 0 
4 0 1 -13 -14 -14 13 0 0 0 
4 0 1 13 -14 -14 13 0 0 0 
3 0 1 -14 -14 13 0 0 0 0 
3 0 1 14 -14 13 0 0 0 0 
4 0 1 -13 14 -14 13 0 0 0 
3 0 1 -14 -14 13 0 0 0 0 
3 0 1 -14 -14 13 0 0 0 0 
3 0 1 14 -14 13 0 0 0 0 
4 0 1 13 -14 -14 13 0 0 0 
3 0 1 14 -14 13 0 0 0 0 
3 0 1 14 -14 13 0 0 0 0 
3 0 1 -14 -14 13 0 0 0 0 
3 0 1 -14 -14 13 0 0 0 0 
3 0 1 -14 -14 13 0 0 0 0 
4 0 1 -13 14 -14 13 0 0 0 
3 0 1 14 -14 13 0 0 0 0 
3 0 1 -14 -14 13 0 0 0 0 
3 0 1 -14 -14 13 0 0 0 0 
4 0 1 13 -14 -14 13 0 0 0 
4 0 1 -13 -54 -54 13 0 0 0 
4 0 1 13 13 -14 -34 0 0 0 
4 0 1 13 13 -54 -34 0 0 0 
3 0 1 -14 -14 13 0 0 0 0 
3 0 1 -14 -14 13 0 0 0 0 
3 0 1 14 -14 13 0 0 0 0 
3 0 1 -14 -14 13 0 0 0 0 
3 0 1 14 -14 13 0 0 0 0 
3 0 1 -14 -14 13 0 0 0 0 
3 0 1 -14 -14 13 0 0 0 0 
6 0 1 3 -13 -14 13 -42 42 0 
3 0 1 -14 -14 13 0 0 0 0 
3 0 1 14 -14 13 0 0 0 0 
3 0 1 14 -14 13 0 0 0 0 
3 0 1 14 -14 13 0 0 0 0 
3 0 1 -14 -14 13 0 0 0 0 
3 0 1 -14 -14 13 0 0 0 0 
3 0 1 14 -14 13 0 0 0 0 
4 0 1 -14 -14 13 -54 0 0 0 
6 0 1 28 -13 14 13 13 -42 0 
3 0 1 -14 -14 13 0 0 0 0 
3 0 1 -14 -14 13 0 0 0 0 
4 0 1 -13 -14 -14 13 0 0 0 
4 0 1 -13 14 -14 13 0 0 0 
4 0 1 -14 -14 13 42 0 0 0 
6 0 1 3 -13 -14 13 -42 42 0 
3 0 1 -54 14 13 0 0 0 0 
3 0 1 14 -14 13 0 0 0 0 
5 0 1 28 -13 -14 13 42 0 0 
3 0 1 54 -54 13 0 0 0 0 
6 0 1 -13 -14 13 13 -13 -54 0 
4 0 1 2 13 13 -14 0 0 0 
4 0 1 -14 13 42 -54 0 0 0 
3 0 1 -54 14 13 0 0 0 0 
4 0 1 -54 13 42 -54 0 0 0 
5 0 1 -14 13 -14 -14 13 0 0 
4 0 1 26 13 -6 -33 0 0 0 
3 0 1 -54 14 13 0 0 0 0 
6 0 1 -13 -14 13 13 42 -54 0 
3 0 1 -54 14 13 0 0 0 0 
5 0 1 13 14 13 -13 42 0 0 
6 0 1 -13 -14 -13 13 42 -54 0 
6 0 1 -9 -3 -13 -14 13 13 0 
5 0 1 28 -13 -14 13 42 0 0 
6 0 1 28 -13 -14 13 13 2781 0 
5 0 1 -14 26 13 13 -54 0 0 
7 0 1 28 -13 -14 -13 13 13 2781 
4 0 1 -14 13 13 -54 0 0 0 
4 0 1 -14 13 13 -54 0 0 0 
6 0 1 -42 -14 -13 13 42 -54 0 
5 0 1 -13 -14 13 42 -54 0 0 
5 0 1 -13 -14 13 -42 42 0 0 
3 0 1 -54 14 13 0 0 0 0 
6 0 1 28 -13 -14 13 13 -42 0 
4 0 1 14 13 13 14 0 0 0 
5 0 1 13 -14 13 -42 42 0 0 
5 0 1 -13 -14 13 13 2781 0 0 
7 0 1 13 3 -13 -14 13 -42 42 
5 0 1 -13 -14 13 -42 42 0 0 
4 0 1 -14 13 13 -54 0 0 0 
5 0 1 -54 -14 13 13 -54 0 0 
6 0 1 28 -13 -14 13 13 54 0 
3 0 1 33 13 -42 0 0 0 0 
4 0 1 33 14 13 42 0 0 0 
4 0 1 -6 13 13 13 0 0 0 
7 0 1 -7 13 -3 -13 -14 13 13 
5 0 1 -13 -14 13 13 54 0 0 
7 0 1 28 -13 -14 13 13 42 2781 
5 0 1 -13 -14 13 42 -54 0 0 
4 0 1 -14 13 13 -54 0 0 0 
6 0 1 28 -13 -14 13 42 2781 0 
6 0 1 -13 -14 13 13 -13 -54 0 
5 0 1 3 47 -14 13 42 0 0 
5 0 1 -3 47 -14 13 42 0 0 
4 0 1 14 14 13 13 0 0 0 
4 0 1 14 -14 13 42 0 0 0 
3 0 1 33 13 42 0 0 0 0 
3 0 1 14 14 13 0 0 0 0 
3 0 1 -6 13 13 0 0 0 0 
4 0 1 -14 13 -42 42 0 0 0 
4 0 1 13 -14 13 42 0 0 0 
4 0 1 54 54 13 13 0 0 0 
3 0 1 33 13 -54 0 0 0 0 
6 0 1 -13 -14 -13 13 13 54 0 
3 0 1 14 13 13 0 0 0 0 
4 0 1 47 -14 13 42 0 0 0 
5 0 1 47 -14 13 42 -42 0 0 
3 0 1 13 1591 42 0 0 0 0 
3 0 1 13 -1591 42 0 0 0 0 
6 0 1 28 -13 -14 -13 13 13 0 
3 0 1 -14 13 42 0 0 0 0 
3 0 1 -14 13 42 0 0 0 0 
4 0 1 -13 -14 13 42 0 0 0 
4 0 4 13 3 7 42 0 0 0 
2 0 1 13 42 0 0 0 0 0 
5 0 1 -48 -14 13 13 -54 0 0 
4 0 1 -48 13 13 -54 0 0 0 
4 0 3 -7 13 -42 42 0 0 0 
4 0 3 -7 13 -42 42 0 0 0 
5 0 3 -7 13 -28 -42 42 0 0 
6 0 1 13 -14 -13 -14 -14 33 0 
4 0 3 13 -14 -14 -13 0 0 0 
5 0 3 -14 13 -14 -14 -13 0 0 
4 0 3 13 -14 -14 -13 0 0 0 
4 0 1 13 -14 -14 13 0 0 0 
4 0 1 13 -14 -14 13 0 0 0 
4 0 1 13 -14 -14 13 0 0 0 
5 0 1 -54 13 -6 33 54 0 0 
5 0 3 14 13 -14 -14 -13 0 0 
7 0 1 -13 -14 -14 13 -6 13 54 
4 0 3 13 -14 -14 -13 0 0 0 
6 0 3 -13 -14 13 -14 -14 -33 0 
5 0 3 -14 13 -14 -14 -33 0 0 
5 0 1 -14 -13 -14 -14 33 0 0 
5 0 1 -14 -13 -14 -14 33 0 0 
4 0 3 13 -14 -14 -33 0 0 0 
5 0 1 -14 -13 -14 -14 33 0 0 
5 0 3 14 13 -14 -14 -33 0 0 
5 0 1 -14 -13 -14 -14 13 0 0 
5 0 1 -14 -13 -14 -14 13 0 0 
5 0 1 -14 -13 -14 -14 13 0 0 
5 0 1 -54 -14 13 42 -54 0 0 
4 0 1 -13 -14 -14 13 0 0 0 
4 0 1 -13 -14 -14 13 0 0 0 
4 0 1 -13 -14 -14 13 0 0 0 
5 0 3 -14 13 -14 14 -13 0 0 
5 0 1 -14 -13 -14 -14 13 0 0 
5 0 1 -14 33 6 13 -54 0 0 
5 0 1 -14 13 13 -14 -13 0 0 
5 0 1 14 -54 13 13 54 0 0 
5 0 1 14 -54 13 13 54 0 0 
5 0 1 -14 13 -6 13 54 0 0 
4 0 1 -13 -14 -14 13 0 0 0 
5 0 3 -14 13 -14 -14 -33 0 0 
4 0 3 13 -14 -14 -33 0 0 0 
5 0 1 -14 -13 -14 -14 13 0 0 
6 0 1 13 14 -54 13 13 54 0 
6 0 1 -13 -14 -13 -14 -14 13 0 
5 0 1 -14 -13 -14 -14 13 0 0 
4 0 1 -13 -14 -14 13 0 0 0 
5 0 1 13 -54 13 13 54 0 0 
5 0 1 -14 13 -6 13 54 0 0 
6 0 1 13 -14 13 -14 14 13 0 
4 0 1 -14 13 -6 13 0 0 0 
5 0 3 -14 13 -14 14 -13 0 0 
5 0 3 -14 13 -14 14 -13 0 0 
5 0 1 -54 -14 33 42 -54 0 0 
5 0 1 -13 -54 -14 13 -54 0 0 
5 0 1 -13 -54 -14 13 -54 0 0 
6 0 1 -14 -13 -54 -14 13 -54 0 
5 0 1 -14 -13 -14 -14 13 0 0 
5 0 1 -13 -54 -14 33 -54 0 0 
5 0 1 -14 -14 33 13 -54 0 0 
4 0 1 13 13 -14 -13 0 0 0 
5 0 1 -13 -54 -14 13 -54 0 0 
5 0 1 13 14 -54 13 54 0 0 
6 0 1 -13 -14 -13 -14 -14 13 0 
5 0 1 -14 -13 -14 -14 13 0 0 
3 0 1 14 -14 13 0 0 0 0 
4 0 1 -14 13 -14 -13 0 0 0 
5 0 1 -14 13 -6 13 54 0 0 
4 0 1 -14 13 -14 -13 0 0 0 
5 0 1 -14 -14 33 13 -54 0 0 
3 0 1 -14 -14 13 0 0 0 0 
4 0 1 -13 -14 -14 13 0 0 0 
4 0 1 13 13 -14 -13 0 0 0 
6 0 1 -14 -14 13 -6 13 54 0 
4 0 3 13 -14 14 -13 0 0 0 
5 0 1 13 14 -54 13 54 0 0 
5 0 1 -14 -14 33 13 -54 0 0 
4 0 1 -14 33 13 -54 0 0 0 
4 0 1 13 -29 13 54 0 0 0 
4 0 3 13 -14 14 -13 0 0 0 
6 0 1 -13 -54 -14 13 13 -54 0 
4 0 1 13 13 -14 -13 0 0 0 
3 0 1 -14 -14 13 0 0 0 0 
7 0 1 -14 -13 -54 -14 13 13 -54 
3 0 1 -14 -14 13 0 0 0 0 
5 0 1 14 13 42 -13 54 0 0 
5 0 1 -54 13 -14 -13 -54 0 0 
3 0 1 -14 33 -54 0 0 0 0 
3 0 1 -14 33 -54 0 0 0 0 
4 0 1 13 -6 13 54 0 0 0 
4 0 1 13 -6 13 -14 0 0 0 
3 0 1 -14 33 42 0 0 0 0 
5 0 1 -14 33 6 13 -54 0 0 
5 0 1 -14 -13 -54 -14 13 0 0 
5 0 1 -14 -13 -54 -14 13 0 0 
3 0 1 -14 -14 13 0 0 0 0 
3 0 1 -14 -14 13 0 0 0 0 
5 0 1 -54 -14 13 13 -54 0 0 
4 0 3 13 -14 14 -13 0 0 0 
5 0 1 14 13 42 -13 54 0 0 
5 0 1 -13 -54 -14 13 -54 0 0 
5 0 1 -13 -54 -14 13 -54 0 0 
4 0 1 -54 -14 13 -54 0 0 0 
3 0 1 -14 -14 13 0 0 0 0 
3 0 1 -14 33 -54 0 0 0 0 
3 0 1 14 -14 13 0 0 0 0 
4 0 1 -14 -14 33 -54 0 0 0 
4 0 1 -14 33 13 -54 0 0 0 
4 0 1 13 -6 13 54 0 0 0 
5 0 1 54 -13 13 42 -54 0 0 
4 0 1 33 -6 13 -54 0 0 0 
3 0 1 -14 -14 13 0 0 0 0 
5 0 1 54 13 14 13 -54 0 0 
4 0 1 14 13 13 14 0 0 0 
5 0 1 -54 -14 13 13 -54 0 0 
4 0 1 13 -6 13 14 0 0 0 
5 0 1 -13 -54 -14 13 -54 0 0 
5 0 1 -14 -14 13 -6 13 0 0 
4 0 1 54 13 13 -54 0 0 0 
3 0 1 14 13 13 0 0 0 0 
5 0 1 54 13 13 13 -54 0 0 
6 0 1 -14 -14 13 -6 13 54 0 
4 0 1 54 13 13 -54 0 0 0 
3 0 1 -14 33 -54 0 0 0 0 
6 0 1 -14 -14 33 6 13 -54 0 
3 0 1 -14 33 -54 0 0 0 0 
4 0 1 13 -6 13 54 0 0 0 
3 0 1 14 13 13 0 0 0 0 
3 0 1 -54 -14 13 0 0 0 0 
5 0 1 -54 13 13 -54 -42 0 0 
6 0 1 54 14 13 -14 -13 -54 0 
6 0 1 -13 -14 -13 -14 -14 13 0 
5 0 1 -14 -14 33 13 -54 0 0 
4 0 1 -54 -14 13 -54 0 0 0 
4 0 1 -13 14 -14 13 0 0 0 
3 0 1 -54 -14 13 0 0 0 0 
3 0 1 -54 -14 13 0 0 0 0 
6 0 1 13 -14 13 -14 14 -13 0 
4 0 1 -13 -54 -14 13 0 0 0 
4 0 1 -13 -14 -14 13 0 0 0 
3 0 1 -14 -14 13 0 0 0 0 
3 0 1 -14 33 13 0 0 0 0 
3 0 1 -14 33 13 0 0 0 0 
4 0 1 -13 -54 -14 33 0 0 0 
3 0 1 33 -6 13 0 0 0 0 
3 0 1 -54 -14 13 0 0 0 0 
3 0 1 -14 -14 13 0 0 0 0 
4 0 1 -13 -14 -14 13 0 0 0 
4 0 1 -13 -14 -14 13 0 0 0 
3 0 1 -54 14 13 0 0 0 0 
4 0 1 -14 -14 13 -54 0 0 0 
3 0 1 13 13 -14 0 0 0 0 
4 0 1 -14 -14 13 42 0 0 0 
4 0 1 -14 33 13 -54 0 0 0 
5 0 1 14 -14 13 13 -54 0 0 
4 0 1 -14 13 13 -54 0 0 0 
6 0 2 13 13 42 13 -28 -47 0 
6 0 2 13 13 10 13 -28 -47 0 
6 0 2 13 42 13 -28 -47 3 0 
6 0 3 -7 13 3 13 13 -54 0 
6 0 2 13 13 10 -42 -28 -47 0 
7 0 3 -9 -14 -7 13 3 13 13 
5 0 2 13 10 -42 -28 -47 0 0 
6 0 2 13 10 -42 -28 -47 -3 0 
6 0 3 14 -37 13 3 13 42 0 
5 0 2 13 10 -42 -28 -47 0 0 
6 0 3 -14 -7 -13 3 -13 13 0 
6 0 3 -14 -7 13 3 13 13 0 
6 0 3 -14 -7 13 3 13 13 0 
6 0 2 42 -10 13 -28 -47 3 0 
6 0 3 -14 -7 13 3 13 13 0 
6 0 3 13 -14 -3 -9 -7 13 0 
4 0 3 -7 -13 3 13 0 0 0 
6 0 3 -14 -7 13 3 13 13 0 
6 0 3 -14 -7 13 3 13 13 0 
4 0 3 -7 -13 3 13 0 0 0 
7 0 3 -9 14 -37 13 3 13 42 
6 0 2 -9 2 -14 13 42 -42 0 
6 0 3 -7 13 3 13 13 -14 0 
5 0 3 -7 13 3 13 13 0 0 
6 0 2 -9 2 54 13 42 -42 0 
6 0 2 -25 14 13 -13 -10 42 0 
6 0 3 -7 13 3 13 13 -14 0 
4 0 3 -37 13 3 -42 0 0 0 
4 0 3 -7 -13 3 13 0 0 0 
4 0 3 -7 -13 3 13 0 0 0 
7 0 3 -9 -14 -7 -13 3 -13 13 
6 0 3 -9 -54 -37 13 3 -42 0 
6 0 3 -14 -7 -13 3 -13 13 0 
6 0 3 -14 -7 13 3 13 13 0 
5 0 3 -7 13 3 13 13 0 0 
5 0 3 -7 13 3 13 13 0 0 
6 0 3 14 -3 -9 -7 13 3 0 
6 0 3 9 14 -37 13 3 42 0 
5 0 2 13 42 13 -28 -47 0 0 
4 0 3 -7 -13 3 13 0 0 0 
6 0 3 9 14 -37 13 3 42 0 
6 0 3 13 -14 -3 -9 -7 13 0 
5 0 3 -9 -37 13 3 -42 0 0 
6 0 3 14 -7 13 3 13 13 0 
6 0 3 -3 -9 -7 13 3 -13 0 
5 0 3 -7 13 3 13 13 0 0 
5 0 3 -7 13 3 13 13 0 0 
6 0 2 -2 14 13 -13 42 42 0 
5 0 2 42 -10 13 -28 -47 0 0 
5 0 3 -7 13 3 13 13 0 0 
6 0 2 2 14 13 -13 42 42 0 
5 0 3 13 3 13 13 -14 0 0 
5 0 3 13 3 13 13 -14 0 0 
4 0 3 13 3 13 -14 0 0 0 
6 0 2 -9 -2 14 13 -13 10 0 
6 0 3 -14 -7 13 3 13 -42 0 
4 0 2 -54 26 -42 42 0 0 0 
4 0 3 -7 13 3 -42 0 0 0 
6 0 3 9 14 7 13 3 13 0 
5 0 2 47 -25 14 26 42 0 0 
4 0 3 -13 3 -13 13 0 0 0 
4 0 3 -7 -13 3 13 0 0 0 
6 0 3 9 14 -37 13 3 42 0 
6 0 3 -9 -14 -7 -13 3 13 0 
3 0 3 -13 3 13 0 0 0 0 
4 0 3 -7 13 3 -13 0 0 0 
7 0 3 9 14 -37 13 3 13 42 
6 0 3 14 -37 13 3 13 42 0 
6 0 2 -2 14 13 -13 10 42 0 
6 0 3 -9 -14 -7 -13 3 13 0 
6 0 3 -14 -7 13 3 13 13 0 
5 0 3 -9 -7 -13 3 13 0 0 
5 0 2 13 -10 13 -28 -47 0 0 
5 0 2 13 -42 -42 42 -28 0 0 
4 0 2 26 -42 -10 42 0 0 0 
6 0 3 -9 -14 -7 -13 3 13 0 
6 0 3 -9 -14 -7 -13 3 13 0 
5 0 2 -25 14 13 -13 42 0 0 
5 0 3 -9 -7 -13 3 13 0 0 
3 0 3 13 3 -42 0 0 0 0 
5 0 2 -54 26 -42 -10 42 0 0 
4 0 2 13 -42 -42 42 0 0 0 
6 0 3 -14 -7 -13 3 -13 13 0 
5 0 3 -7 13 3 13 -42 0 0 
6 0 2 -9 -2 14 13 -13 10 0 
5 0 3 -14 -7 -13 3 13 0 0 
4 0 3 -7 13 3 -42 0 0 0 
3 0 3 13 3 -42 0 0 0 0 
6 0 2 9 -2 14 13 -13 10 0 
5 0 2 14 13 -13 10 42 0 0 
4 0 2 13 13 10 13 0 0 0 
5 0 2 25 14 13 -13 42 0 0 
6 0 2 -2 14 13 -13 10 13 0 
5 0 3 -14 -7 -13 3 13 0 0 
4 0 2 13 10 13 3 0 0 0 
3 0 3 -37 13 3 0 0 0 0 
5 0 3 9 -37 13 3 42 0 0 
4 0 3 -7 13 3 13 0 0 0 
3 0 2 13 -42 42 0 0 0 0 
3 0 3 13 3 13 0 0 0 0 
3 0 3 -7 13 3 0 0 0 0 
6 0 3 -9 -14 -7 -13 3 13 0 
4 0 2 13 13 10 13 0 0 0 
4 0 3 -7 13 3 13 0 0 0 
4 0 2 42 13 -28 -47 0 0 0 
3 0 3 -7 13 3 0 0 0 0 
3 0 3 13 3 13 0 0 0 0 
4 0 2 13 -13 10 -13 0 0 0 
4 0 2 13 42 42 13 0 0 0 
3 0 3 -7 13 28 0 0 0 0 
3 0 2 13 -42 42 0 0 0 0 
3 0 3 -7 13 28 0 0 0 0 
4 0 2 54 13 42 -42 0 0 0 
6 0 3 -9 -14 -7 -13 3 13 0 
6 0 2 -9 -2 14 13 -42 10 0 
4 0 2 14 -13 42 42 0 0 0 
4 0 3 -7 -13 3 -13 0 0 0 
3 0 2 -13 42 42 0 0 0 0 
3 0 2 13 42 -42 0 0 0 0 
4 0 2 13 13 -13 -13 0 0 0 
4 0 2 14 13 -13 10 0 0 0 
2 0 3 28 42 0 0 0 0 0 
3 0 2 13 42 -42 0 0 0 0 
4 0 3 -7 13 3 42 0 0 0 
3 0 2 13 42 -42 0 0 0 0 
4 0 2 13 42 42 3 0 0 0 
3 0 2 42 -42 13 0 0 0 0 
4 0 2 25 13 -13 42 0 0 0 
5 0 2 14 13 13 10 -13 0 0 
3 0 3 -13 3 -13 0 0 0 0 
4 0 2 26 42 -10 -42 0 0 0 
3 0 2 -42 13 42 0 0 0 0 
3 0 2 25 -42 13 0 0 0 0 
3 0 2 -14 13 13 0 0 0 0 
5 0 2 -2 14 13 13 -10 0 0 
3 0 3 -7 -13 3 0 0 0 0 
3 0 2 13 42 42 0 0 0 0 
3 0 2 13 -13 42 0 0 0 0 
3 0 2 13 -13 -13 0 0 0 0 
2 0 3 3 -42 0 0 0 0 0 
3 0 2 13 -13 42 0 0 0 0 
3 0 2 -13 42 -42 0 0 0 0 
5 0 2 25 13 -13 -13 10 0 0 
3 0 2 -13 42 -42 0 0 0 0 
2 0 2 10 13 0 0 0 0 0 
2 0 2 10 13 0 0 0 0 0 
1 0 2 13 0 0 0 0 0 0 
1 0 4 13 0 0 0 0 0 0 
7 0 4 13 -28 7 13 -14 13 -54 
7 0 4 13 28 7 13 -14 13 -54 
7 0 4 13 -28 7 13 -14 13 -54 
6 0 4 13 3 7 -42 -14 42 0 
6 0 4 13 3 7 -42 -14 42 0 
7 0 4 13 28 7 13 -14 -13 -54 
6 0 4 -13 3 7 13 -14 13 0 
5 0 2 13 42 13 -28 47 0 0 
6 0 4 -13 3 7 13 -14 13 0 
7 0 4 13 3 7 13 -14 13 54 
7 0 4 -28 -7 13 -14 42 -14 54 
5 0 2 -25 -54 26 -42 42 0 0 
7 0 4 -28 -7 13 -14 42 -14 -54 
5 0 2 -13 42 13 -28 -47 0 0 
6 0 4 13 3 7 -13 -14 13 0 
5 0 2 -25 -54 26 -42 42 0 0 
5 0 4 13 -14 -7 -13 13 0 0 
5 0 4 -13 3 7 13 13 0 0 
5 0 4 3 7 -42 3 42 0 0 
5 0 4 -13 3 7 13 13 0 0 
5 0 4 -13 3 7 13 13 0 0 
5 0 4 -15 13 -14 13 -14 0 0 
5 0 4 3 7 -42 3 42 0 0 
5 0 4 13 -28 7 13 13 0 0 
5 0 4 13 3 7 13 13 0 0 
5 0 4 3 7 -42 -14 -42 0 0 
6 0 3 -7 13 3 13 13 -14 0 
5 0 4 3 7 -42 3 42 0 0 
5 0 3 -7 13 3 13 13 0 0 
5 0 4 13 3 7 13 13 0 0 
6 0 2 13 42 -10 13 -28 47 0 
5 0 4 13 3 7 13 13 0 0 
6 0 4 3 7 42 -14 13 -54 0 
5 0 3 -7 13 3 13 13 0 0 
5 0 4 13 3 7 13 13 0 0 
5 0 4 13 3 7 13 -13 0 0 
5 0 4 13 3 7 -42 42 0 0 
6 0 4 13 3 7 13 14 13 0 
5 0 4 13 3 7 13 13 0 0 
6 0 4 7 13 -14 13 -54 -54 0 
6 0 4 7 -13 -14 13 -54 -54 0 
5 0 3 -7 13 3 13 13 0 0 
5 0 3 -7 13 3 13 13 0 0 
5 0 2 -54 26 -42 -42 42 0 0 
4 0 2 26 -42 -42 42 0 0 0 
5 0 2 -54 26 -42 -42 42 0 0 
4 0 2 26 -42 -42 42 0 0 0 
5 0 4 3 7 -42 -14 -42 0 0 
4 0 4 13 -14 -9 -14 0 0 0 
4 0 2 26 -42 -42 42 0 0 0 
5 0 4 13 3 7 -42 42 0 0 
6 0 4 13 3 7 13 -14 42 0 
7 0 4 28 13 3 7 13 -14 42 
5 0 4 13 3 7 13 13 0 0 
6 0 4 13 -28 7 13 -14 13 0 
5 0 4 13 -28 7 13 13 0 0 
5 0 4 13 3 37 -42 3 0 0 
6 0 4 13 3 7 13 -14 13 0 
6 0 4 -13 3 7 13 -14 13 0 
6 0 4 13 3 7 -13 -14 -13 0 
4 0 2 42 13 -28 -47 0 0 0 
5 0 4 13 -14 -7 -13 13 0 0 
5 0 4 -13 3 7 13 13 0 0 
5 0 4 13 3 37 -42 42 0 0 
5 0 4 13 3 7 -13 13 0 0 
4 0 2 26 -42 -42 42 0 0 0 
5 0 2 13 13 42 13 -28 0 0 
6 0 4 13 3 7 13 -14 13 0 
5 0 4 13 3 7 13 13 0 0 
5 0 4 3 7 -42 -14 -42 0 0 
6 0 4 13 3 7 13 -14 13 0 
6 0 3 -9 -14 -37 13 3 -42 0 
6 0 4 13 -28 7 13 -14 13 0 
5 0 4 13 -28 7 13 13 0 0 
6 0 3 -14 -7 -13 3 -13 13 0 
6 0 4 13 -28 7 13 -14 13 0 
5 0 4 13 3 7 13 -14 0 0 
4 0 4 3 7 42 13 0 0 0 
4 0 3 -7 -13 3 13 0 0 0 
7 0 4 -13 -28 7 13 -14 -13 54 
5 0 4 13 3 37 -42 3 0 0 
5 0 4 -13 3 7 -13 -14 0 0 
5 0 4 13 3 7 13 13 0 0 
6 0 4 13 3 7 13 -14 42 0 
6 0 4 13 3 7 13 -14 13 0 
4 0 3 -7 -13 3 13 0 0 0 
4 0 2 26 -42 -42 42 0 0 0 
5 0 4 13 3 7 13 -37 0 0 
5 0 3 -9 -7 -13 3 13 0 0 
6 0 3 -14 -7 13 3 13 13 0 
5 0 3 -9 -37 13 3 -42 0 0 
6 0 4 -7 13 -14 42 -14 -54 0 
7 0 4 3 -7 13 -14 42 -14 -54 
6 0 4 -28 -7 13 -14 13 54 0 
6 0 2 13 13 42 13 -28 -47 0 
5 0 2 -54 26 -42 -42 42 0 0 
5 0 4 3 7 -42 -14 -42 0 0 
6 0 4 13 3 7 13 -14 13 0 
6 0 4 17 -28 13 -14 42 54 0 
6 0 4 -28 7 13 -14 13 -54 0 
5 0 2 -54 13 -42 -42 42 0 0 
6 0 4 -28 37 13 -14 13 -54 0 
5 0 4 3 7 13 -14 42 0 0 
5 0 4 13 3 7 13 42 0 0 
5 0 3 -9 -37 13 3 -42 0 0 
5 0 4 13 3 7 13 -14 0 0 
5 0 4 13 3 7 13 13 0 0 
5 0 4 13 3 7 13 -13 0 0 
5 0 3 -14 -7 -13 3 13 0 0 
5 0 4 13 3 7 -13 -14 0 0 
5 0 4 13 3 7 13 -14 0 0 
5 0 4 13 3 7 -42 13 0 0 
7 0 4 -7 13 3 37 -42 3 42 
4 0 4 3 7 -42 -42 0 0 0 
5 0 4 13 3 7 -13 -14 0 0 
5 0 4 -13 3 7 13 -14 0 0 
4 0 4 15 13 -14 13 0 0 0 
7 0 4 -3 7 13 -14 13 -54 -54 
6 0 3 -14 -7 -13 3 -13 13 0 
6 0 4 -13 3 7 -13 13 3 0 
5 0 2 -54 26 13 -42 42 0 0 
6 0 4 56 -28 7 13 -14 13 0 
5 0 4 -13 3 7 -13 13 0 0 
5 0 2 -14 13 -42 -42 42 0 0 
4 0 4 3 13 -14 10 0 0 0 
6 0 2 13 13 42 13 -28 -47 0 
5 0 4 13 3 37 -42 3 0 0 
4 0 4 3 13 -14 -51 0 0 0 
5 0 4 7 42 -14 13 -54 0 0 
4 0 4 -13 3 7 -13 0 0 0 
4 0 4 3 13 -14 10 0 0 0 
4 0 4 -3 14 7 13 0 0 0 
5 0 4 7 13 -14 13 14 0 0 
4 0 4 -7 13 -14 42 0 0 0 
3 0 4 13 -14 83 0 0 0 0 
4 0 4 -3 14 7 13 0 0 0 
4 0 4 7 13 -14 42 0 0 0 
4 0 4 13 28 7 13 0 0 0 
4 0 4 3 7 -13 5 0 0 0 
5 0 4 3 -7 13 -14 -42 0 0 
4 0 4 3 14 7 13 0 0 0 
4 0 4 14 42 -14 13 0 0 0 
3 0 4 13 14 13 0 0 0 0 
3 0 4 13 -14 13 0 0 0 0 
4 0 4 -3 7 13 14 0 0 0 
3 0 4 7 13 -14 0 0 0 0 
4 0 4 -13 3 13 -14 0 0 0 
1 0 4 13 0 0 0 0 0 0 
1 0 4 13 0 0 0 0 0 0 
4 0 1 33 6 13 -54 0 0 0 
4 0 1 -14 -54 13 -54 0 0 0 
4 0 1 -14 -54 13 -54 0 0 0 
4 0 1 -14 -54 13 -54 0 0 0 
4 0 1 -14 -54 13 -54 0 0 0 
4 0 1 -14 -54 13 -54 0 0 0 
4 0 1 -13 -14 -14 13 0 0 0 
4 0 1 13 -14 -14 13 0 0 0 
4 0 1 13 -14 -14 13 0 0 0 
4 0 1 -13 -14 -14 13 0 0 0 
4 0 1 -13 -14 -14 13 0 0 0 
4 0 1 -13 -14 -14 13 0 0 0 
4 0 1 -13 -14 -14 13 0 0 0 
4 0 1 -13 -14 -14 13 0 0 0 
4 0 1 13 -14 -14 13 0 0 0 
4 0 1 -13 -14 -14 13 0 0 0 
4 0 1 13 -14 -14 13 0 0 0 
4 0 1 -13 -14 -14 13 0 0 0 
4 0 1 13 -14 -14 13 0 0 0 
4 0 1 13 -14 -14 13 0 0 0 
4 0 1 -13 -14 -14 13 0 0 0 
4 0 1 -54 -14 13 42 0 0 0 
4 0 1 -13 14 -14 13 0 0 0 
4 0 1 -54 -14 13 42 0 0 0 
4 0 1 13 -14 -14 13 0 0 0 
4 0 1 -14 -14 13 42 0 0 0 
4 0 1 -13 14 -14 13 0 0 0 
3 0 1 14 -14 13 0 0 0 0 
4 0 1 13 -14 -14 13 0 0 0 
3 0 1 14 -14 13 0 0 0 0 
3 0 1 14 -14 13 0 0 0 0 
3 0 1 14 -14 13 0 0 0 0 
3 0 1 14 -14 13 0 0 0 0 
4 0 1 13 -14 -14 13 0 0 0 
3 0 1 14 -14 13 0 0 0 0 
3 0 1 14 -14 13 0 0 0 0 
4 0 1 -13 -14 -14 13 0 0 0 
4 0 1 -13 14 -14 13 0 0 0 
4 0 1 -13 14 -14 13 0 0 0 
3 0 1 14 -14 13 0 0 0 0 
6 0 1 -13 -14 -13 -14 -14 13 0 
4 0 1 13 -14 -14 13 0 0 0 
3 0 1 14 -14 13 0 0 0 0 
4 0 1 -13 -14 -14 13 0 0 0 
3 0 1 -14 14 13 0 0 0 0 
6 0 1 3 13 -14 13 42 -54 0 
3 0 1 14 -14 13 0 0 0 0 
4 0 1 -13 -14 -14 13 0 0 0 
3 0 1 14 -14 13 0 0 0 0 
3 0 1 -14 14 13 0 0 0 0 
3 0 1 -14 -14 13 0 0 0 0 
3 0 1 -14 -14 13 0 0 0 0 
3 0 1 -14 -14 13 0 0 0 0 
3 0 1 14 -14 13 0 0 0 0 
3 0 1 -14 -14 13 0 0 0 0 
3 0 1 -14 -14 13 0 0 0 0 
3 0 1 -14 -14 13 0 0 0 0 
4 0 1 -14 -14 13 -54 0 0 0 
3 0 1 -14 14 13 0 0 0 0 
3 0 1 -14 -14 13 0 0 0 0 
7 0 1 13 -14 -13 -14 -14 13 -54 
6 0 1 13 -14 -13 -14 -14 13 0 
4 0 1 -13 14 -14 13 0 0 0 
5 0 1 13 -13 42 -54 -56 0 0 
3 0 1 -54 -14 13 0 0 0 0 
3 0 1 -14 -14 13 0 0 0 0 
3 0 1 -14 -14 13 0 0 0 0 
6 0 1 13 -14 -13 -14 -14 13 0 
6 0 1 13 -14 -13 -14 -14 13 0 
6 0 1 13 -14 -13 -14 -14 33 0 
3 0 1 14 -14 13 0 0 0 0 
4 0 1 -42 -14 -54 13 0 0 0 
4 0 1 13 42 -54 -56 0 0 0 
3 0 1 -14 -14 13 0 0 0 0 
3 0 1 -14 -14 13 0 0 0 0 
3 0 1 -14 -14 13 0 0 0 0 
4 0 1 54 13 13 54 0 0 0 
3 0 1 -14 14 13 0 0 0 0 
3 0 1 -14 -14 13 0 0 0 0 
5 0 1 -14 -13 -14 -14 13 0 0 
5 0 1 -3 -13 14 13 13 0 0 
4 0 1 -13 -14 -14 13 0 0 0 
4 0 1 54 13 13 54 0 0 0 
4 0 1 54 13 13 54 0 0 0 
4 0 1 -14 13 42 -54 0 0 0 
3 0 1 -14 -14 13 0 0 0 0 
6 0 1 13 14 -13 42 -54 -56 0 
4 0 1 -14 13 42 42 0 0 0 
4 0 1 13 42 -54 -56 0 0 0 
3 0 1 -14 -54 13 0 0 0 0 
3 0 1 -14 -54 13 0 0 0 0 
4 0 1 -13 -14 -14 13 0 0 0 
4 0 1 -13 -14 -14 13 0 0 0 
5 0 1 -14 13 42 13 -54 0 0 
4 0 1 -14 13 42 -54 0 0 0 
5 0 1 -14 13 42 13 -54 0 0 
5 0 1 -14 -13 -14 -14 13 0 0 
4 0 1 33 42 13 -54 0 0 0 
4 0 1 13 42 -54 -56 0 0 0 
5 0 1 54 13 13 -13 54 0 0 
6 0 1 13 -14 -13 -14 -14 -13 0 
3 0 1 -54 -14 13 0 0 0 0 
6 0 1 13 -14 -13 -14 -14 -13 0 
5 0 1 -3 -13 14 13 42 0 0 
4 0 1 54 14 13 54 0 0 0 
6 0 1 13 -14 -13 -14 -54 33 0 
3 0 1 -14 -14 13 0 0 0 0 
5 0 1 54 13 13 13 54 0 0 
6 0 1 9 -3 -13 14 13 13 0 
3 0 1 -14 -14 13 0 0 0 0 
3 0 1 -14 -14 13 0 0 0 0 
4 0 1 13 42 -54 -56 0 0 0 
4 0 1 54 13 13 54 0 0 0 
4 0 1 54 13 13 54 0 0 0 
4 0 1 -14 13 13 -54 0 0 0 
4 0 1 -14 13 13 -54 0 0 0 
4 0 1 54 33 13 54 0 0 0 
5 0 1 -14 -13 -14 -14 13 0 0 
6 0 1 13 -14 -13 -14 -14 -13 0 
5 0 1 3 13 -14 13 42 0 0 
4 0 1 -14 13 42 -54 0 0 0 
4 0 1 13 42 -54 -56 0 0 0 
4 0 1 -33 13 42 -54 0 0 0 
3 0 1 50 42 -54 0 0 0 0 
4 0 1 13 42 -54 -56 0 0 0 
4 0 1 13 54 13 42 0 0 0 
3 0 1 50 42 -54 0 0 0 0 
6 0 1 13 54 13 13 13 54 0 
5 0 1 13 -14 13 42 -54 0 0 
5 0 1 3 13 -14 13 42 0 0 
5 0 1 3 13 -14 13 42 0 0 
6 0 1 -9 -3 -13 -14 13 42 0 
5 0 1 3 13 -14 13 42 0 0 
5 0 1 3 13 -14 13 42 0 0 
5 0 1 -3 -13 14 13 42 0 0 
6 0 1 13 -14 -13 -14 14 -13 0 
4 0 1 -14 42 13 -54 0 0 0 
5 0 1 -3 -13 14 13 42 0 0 
6 0 1 -9 -3 -13 14 13 42 0 
6 0 1 13 54 13 13 13 54 0 
6 0 1 -14 -13 54 -14 13 -54 0 
4 0 1 -13 -14 -14 13 0 0 0 
4 0 1 13 -14 13 42 0 0 0 
2 0 1 13 42 0 0 0 0 0 
5 0 1 -13 54 -14 13 -54 0 0 
6 0 1 -42 -3 -13 14 13 42 0 
2 0 1 13 42 0 0 0 0 0 
5 0 1 -25 -14 13 13 -54 0 0 
7 0 3 42 -14 -14 -13 -14 13 -54 
5 0 3 -14 13 -54 -54 -33 0 0 
7 0 3 -13 -14 -54 -13 -14 13 -54 
5 0 1 14 13 -6 13 -14 0 0 
5 0 3 -14 13 -54 -54 -33 0 0 
5 0 1 14 33 -6 33 -14 0 0 
5 0 1 -54 13 29 13 -54 0 0 
6 0 1 13 -14 -13 -14 -14 13 0 
6 0 3 -14 -54 -13 -14 13 -54 0 
6 0 1 -13 -14 -54 13 13 -54 0 
6 0 1 13 -14 -13 -14 -14 13 0 
5 0 1 -54 13 -6 33 54 0 0 
5 0 1 -54 13 -6 33 54 0 0 
5 0 1 -14 -54 13 13 -54 0 0 
5 0 1 -54 13 6 13 -54 0 0 
6 0 1 -54 -14 13 6 13 -54 0 
5 0 1 -54 13 6 13 -54 0 0 
4 0 1 13 29 13 -54 0 0 0 
5 0 1 -54 13 -6 33 54 0 0 
6 0 1 -13 -14 -13 -14 -14 13 0 
5 0 1 -13 -14 -54 13 -54 0 0 
6 0 1 -14 -54 13 -6 33 54 0 
5 0 1 -14 -13 -14 -14 13 0 0 
4 0 1 13 -14 -14 13 0 0 0 
5 0 1 -14 13 -14 -14 13 0 0 
6 0 1 13 -14 13 -14 -14 13 0 
5 0 1 -14 13 -14 -14 13 0 0 
6 0 1 13 -14 13 -14 -14 13 0 
5 0 1 -14 13 -14 -14 13 0 0 
5 0 1 -14 13 -14 -14 13 0 0 
5 0 1 -14 13 -14 -14 13 0 0 
5 0 1 14 -13 -14 -14 13 0 0 
5 0 1 -14 13 -14 -14 13 0 0 
4 0 1 13 -14 -14 13 0 0 0 
5 0 1 -14 -13 -14 -14 13 0 0 
7 0 1 13 14 -13 -14 -14 13 54 
6 0 1 13 14 -13 -14 -14 13 0 
6 0 1 -14 14 13 -6 13 -14 0 
5 0 1 14 13 -6 13 -14 0 0 
5 0 1 14 -13 -14 -14 13 0 0 
4 0 1 13 -14 -14 13 0 0 0 
5 0 1 -13 -14 -54 13 -54 0 0 
5 0 1 -14 -54 13 13 -54 0 0 
6 0 1 13 -14 -13 -14 -14 13 0 
5 0 1 -14 -13 -14 -14 13 0 0 
5 0 1 -14 -13 -14 -14 13 0 0 
6 0 1 13 -14 13 -14 -14 13 0 
5 0 1 -14 13 -14 -14 13 0 0 
5 0 1 -54 13 -6 33 54 0 0 
6 0 1 13 -14 13 -14 -14 -13 0 
4 0 1 -13 -14 -14 13 0 0 0 
5 0 1 14 13 -6 13 -14 0 0 
4 0 1 14 13 -6 13 0 0 0 
4 0 1 -13 -14 -14 13 0 0 0 
3 0 1 -14 -14 13 0 0 0 0 
3 0 1 -14 -14 13 0 0 0 0 
4 0 1 13 -14 -14 13 0 0 0 
6 0 1 -14 -54 13 -6 33 54 0 
6 0 1 -13 -14 -54 13 13 -54 0 
4 0 1 -13 -14 -14 13 0 0 0 
4 0 1 13 -14 -14 13 0 0 0 
5 0 1 -13 -14 -54 13 -54 0 0 
6 0 1 13 14 -13 -14 -14 13 0 
5 0 1 -14 13 -6 13 -14 0 0 
3 0 1 -14 -14 13 0 0 0 0 
4 0 1 -13 -14 -14 13 0 0 0 
5 0 1 -14 -13 -14 -14 13 0 0 
7 0 1 13 14 -13 -14 -14 13 54 
6 0 1 13 14 -13 -14 -14 13 0 
4 0 3 -2 13 13 13 0 0 0 
4 0 1 -54 13 13 -54 0 0 0 
6 0 1 13 14 -13 -14 -14 13 0 
3 0 1 -14 -14 13 0 0 0 0 
6 0 1 13 -14 -13 -14 -14 13 0 
5 0 3 42 -14 -14 -13 -54 0 0 
5 0 3 42 -14 -14 -13 -54 0 0 
7 0 1 -13 -14 -54 13 -6 33 54 
6 0 1 -14 -54 13 -6 33 54 0 
3 0 1 -14 -14 13 0 0 0 0 
4 0 3 13 -14 -14 13 0 0 0 
5 0 1 -13 -14 -54 13 -54 0 0 
4 0 1 14 13 -6 13 0 0 0 
5 0 3 -14 -14 -13 -14 13 0 0 
4 0 1 -54 13 13 -54 0 0 0 
3 0 1 -14 -14 13 0 0 0 0 
4 0 1 -54 13 13 -54 0 0 0 
3 0 1 -14 33 42 0 0 0 0 
4 0 1 13 -6 33 -54 0 0 0 
5 0 1 -14 13 -6 33 54 0 0 
3 0 1 14 -14 13 0 0 0 0 
4 0 1 13 -6 33 54 0 0 0 
4 0 1 13 -6 33 54 0 0 0 
6 0 1 13 14 -13 -14 -14 13 0 
5 0 3 -14 -14 -13 -14 13 0 0 
4 0 1 13 -6 33 54 0 0 0 
3 0 1 -14 -14 13 0 0 0 0 
7 0 1 -13 -14 -54 13 -6 33 54 
3 0 1 -14 -14 13 0 0 0 0 
6 0 1 -14 -13 -14 -54 13 -54 0 
4 0 1 -14 -54 13 -54 0 0 0 
4 0 1 13 -6 33 54 0 0 0 
3 0 1 -14 -14 13 0 0 0 0 
5 0 1 -54 13 -6 33 54 0 0 
4 0 1 13 -6 33 54 0 0 0 
5 0 3 -14 -14 -13 -14 13 0 0 
6 0 1 13 14 -13 -14 -14 13 0 
4 0 1 -14 -54 13 -54 0 0 0 
4 0 1 33 6 13 -54 0 0 0 
4 0 1 13 -6 33 54 0 0 0 
4 0 1 -14 -54 13 -54 0 0 0 
4 0 1 -14 -54 13 -54 0 0 0 
6 0 1 13 -14 13 -14 -14 -13 0 
4 0 1 -54 13 13 -54 0 0 0 
4 0 1 -14 -54 13 -54 0 0 0 
5 0 3 -13 -14 13 -54 -54 0 0 
4 0 1 -14 -54 13 -54 0 0 0 
5 0 1 -14 13 -6 33 54 0 0 
4 0 3 42 -14 -14 -13 0 0 0 
3 0 1 14 13 13 0 0 0 0 
4 0 1 -14 -54 13 -54 0 0 0 
3 0 1 14 13 13 0 0 0 0 
3 0 1 -14 13 13 0 0 0 0 
4 0 3 -14 -13 -14 13 0 0 0 
4 0 3 -14 -13 -14 13 0 0 0 
4 0 3 -14 -13 -14 13 0 0 0 
3 0 1 14 13 13 0 0 0 0 
5 0 3 -13 -14 13 -54 -54 0 0 
3 0 1 -14 13 13 0 0 0 0 
3 0 1 -14 -54 13 0 0 0 0 
4 0 1 -14 -54 13 -54 0 0 0 
6 0 3 -13 -14 13 13 -54 -54 0 
6 0 3 42 -14 -14 -13 -54 -42 0 
5 0 3 -14 -13 -14 13 -54 0 0 
5 0 3 -14 -13 -14 13 -14 0 0 
5 0 3 29 -13 -14 13 -54 0 0 
5 0 1 14 -13 -14 -14 13 0 0 
6 0 3 -14 13 14 13 -54 -54 0 
3 0 1 13 13 -54 0 0 0 0 
3 0 1 13 -6 13 0 0 0 0 
4 0 3 -14 13 -54 -54 0 0 0 
3 0 3 48 13 -3 0 0 0 0 
1 0 4 13 0 0 0 0 0 0 
3 0 4 13 -14 13 0 0 0 0 
1 0 4 13 0 0 0 0 0 0 
1 0 4 13 0 0 0 0 0 0 
1 0 4 13 0 0 0 0 0 0 
1 0 4 13 0 0 0 0 0 0 
2 0 4 13 -14 0 0 0 0 0 
1 0 4 47 0 0 0 0 0 0 
